Wert
514.75
649.75
897.5
1264.0
1833.5
2442.75
2700.5
2988.0
3013.75
2986.0
2991.25
2961.25
2811.0
2970.5
3030.25
2978.25
3021.75
3016.25
3026.25
2962.5
3015.75
3021.75
2855.75
3029.25
3018.0
2911.25
2753.5
2811.75
2972.5
2715.75
2965.75
2914.5
2820.25
2817.5
2027.75
1790.5
2464.75
2797.5
2523.25
2200.5
2267.75
2574.25
1519.5
2838.0
3001.75
2357.5
1760.5
1016.75
2100.0
1666.0
2065.25
2737.75
1659.75
1108.0
683.5
790.0
710.0
701.5
443.75
315.5
322.25
653.0
711.75
954.0
1295.0
1068.0
1367.75
1216.0
617.25
875.25
617.75
865.25
892.25
750.0
748.25
656.75
743.0
882.25
1107.75
897.0
837.75
709.25
351.75
441.25
815.75
622.5
1712.75
1395.75
2136.25
1976.5
2523.5
2424.5
807.75
-24.0
-24.75
-25.0
-24.5
-25.0
-25.0
-25.0
-25.5
-26.75
-27.0
-26.5
-26.75
-27.0
-27.5
-27.25
-27.5
-28.75
-27.5
-13.0
-33.25
-32.25
-28.0
-36.0
-28.25
-34.25
-34.5
-30.0
-38.0
-27.75
-34.5
-31.5
-27.75
-37.25
-30.5
-28.5
-38.0
192.25
806.75
587.75
167.75
26.0
144.25
103.0
265.25
648.25
705.75
1179.0
1293.75
1368.0
910.5
795.0
920.25
1051.0
1523.25
1490.0
1174.0
1553.0
1342.5
914.25
1124.75
900.75
731.25
474.75
395.25
451.75
743.75
1188.5
1211.5
1431.75
1475.0
1154.75
822.75
1336.5
2661.75
2569.0
2831.5
2990.0
2971.75
1798.5
-26.25
-25.0
-27.0
-25.25
-25.75
-24.25
-25.25
1277.75
3018.75
2990.0
3018.25
2982.25
2984.75
2971.75
2933.25
2924.75
2911.5
2988.0
2984.25
2972.0
2974.5
2915.0
2940.5
2922.75
83.0
-25.25
-25.25
-25.25
-24.25
-21.75
2238.25
2815.25
2846.0
2683.0
318.25
2002.0
1514.5
-24.5
-24.75
-24.0
-25.0
-24.5
-25.75
-24.5
-26.0
-25.0
-26.0
-26.25
-25.75
-26.75
-26.25
-27.25
-19.75
-14.25
-6.25
85.5
556.5
1138.5
1162.75
1558.0
1301.25
562.75
743.0
744.75
444.75
376.5
284.0
251.75
165.0
167.75
86.5
120.0
4.0
-24.5
-24.0
-24.0
-21.0
1106.0
1042.0
1229.0
1220.75
1519.0
2299.75
2437.0
2872.75
2455.0
2490.0
1556.25
1329.25
629.5
152.0
113.25
24.75
52.75
126.0
36.25
78.0
15.5
-25.0
-25.0
-25.0
-25.0
-25.5
-25.0
-25.75
-25.75
-26.0
-25.75
-26.0
-27.25
-30.0
-27.75
-27.25
-27.0
-27.0
-27.0
-28.75
-28.5
-27.25
-33.5
-35.0
-28.75
-37.25
-37.75
-27.0
1096.5
2959.5
2951.0
2980.75
2448.0
-26.25
-25.5
1731.25
2992.0
3009.75
2979.5
2976.5
2947.75
2958.0
2922.25
3000.0
2880.25
2780.75
2940.0
2895.75
2989.25
2977.5
2867.25
2789.5
1927.5
1413.75
2240.5
2363.75
2004.5
2347.0
2934.5
2957.0
2943.5
2834.5
2356.75
2576.5
2318.0
1743.0
1700.5
2304.75
2782.25
2684.5
2696.0
2417.25
2692.5
2727.25
2693.0
2758.0
2931.75
2969.5
2997.75
2963.75
2919.0
2931.5
2989.75
2989.75
2986.25
2980.0
2983.5
2966.75
2987.75
2988.25
2954.5
2997.0
2986.5
2971.25
2960.75
3001.75
2865.25
2901.0
2475.0
2169.75
1541.5
992.75
289.0
350.25
276.25
258.5
365.0
623.25
1128.5
1293.75
1423.75
1392.0
1760.75
1872.75
1865.5
1918.75
2259.75
2981.25
2982.25
2759.75
2784.5
2639.0
2646.5
2602.75
2419.0
2516.5
2794.75
2832.5
2950.75
2906.25
2975.5
2929.75
2970.25
2892.0
2969.5
2923.75
2877.5
2868.5
2562.0
2154.0
1874.25
2624.25
2173.0
2519.75
1515.75
1677.0
1408.5
1682.0
1428.5
973.5
246.0
26.0
-26.75
-27.75
-8.75
-27.5
-26.5
-26.75
-26.0
-30.0
151.5
611.0
1090.25
1929.0
1934.75
2138.5
1875.75
1502.0
1456.0
1592.25
1892.75
1387.5
1929.25
1773.25
756.0
215.0
354.25
266.25
197.5
486.75
889.75
955.0
1378.25
1652.0
1952.0
1937.75
2475.5
2540.75
2276.5
2340.25
2315.25
1890.5
1765.25
1579.0
1169.75
1124.75
1351.25
684.75
115.5
72.5
104.0
142.5
112.0
199.25
275.5
251.0
376.0
590.0
856.0
948.0
1701.0
1613.5
1181.5
798.25
566.0
500.5
625.0
631.5
639.0
543.0
526.25
538.5
328.75
96.75
16.5
-22.5
-28.5
-25.5
-25.75
-26.75
-26.75
-26.5
-28.5
-28.75
-28.0
-27.0
-26.5
-30.25
-25.75
-28.25
-27.5
-28.25
-30.5
-8.0
64.75
61.5
-13.25
8.5
-0.75
10.25
27.5
-6.75
-21.0
-29.25
-26.0
-28.5
-32.25
-28.0
-26.75
-27.75
-27.75
-30.25
-28.0
-27.75
-26.0
-28.0
-27.5
-29.25
-27.75
-29.75
-26.25
-28.0
-28.0
-27.5
-28.5
33.0
174.5
390.25
555.75
419.0
373.75
477.75
352.75
242.75
79.0
6.25
-27.0
-26.5
-27.5
-27.75
-28.0
-27.0
-28.75
-27.0
-26.5
-27.5
-26.5
-27.5
-26.25
-27.5
-26.0
-26.25
-28.25
-28.0
-27.25
-27.75
-31.25
-29.5
-30.25
-29.75
-30.75
-29.25
-29.0
-33.75
-31.75
-30.0
-30.25
-28.75
-31.0
-28.0
-30.25
-29.0
14.75
23.0
74.0
11.25
17.5
14.25
9.5
50.5
102.0
153.5
165.75
158.5
137.25
117.75
112.75
108.75
112.5
133.5
149.75
157.25
-26.0
1560.0
2983.25
2988.75
2958.25
2971.75
2977.5
2320.0
2378.25
2798.0
2452.5
2216.0
1905.0
2307.25
2679.25
2531.0
2409.5
2823.75
2872.75
2931.0
2722.75
2577.25
2517.5
2846.75
2807.0
1988.0
1515.75
1503.75
1376.0
2536.25
2895.75
2093.75
2466.25
2728.25
2808.25
2377.5
2236.25
2827.25
2551.0
2946.0
2720.25
2517.25
2454.0
2710.75
1981.0
1875.0
2139.75
2524.75
2937.0
2787.5
2877.25
2947.5
2964.25
2864.0
2967.0
2816.75
2914.25
2899.25
2916.5
2883.25
2882.75
2884.0
2754.75
2573.0
2944.0
2494.5
1917.25
1532.0
1940.75
1335.5
1080.0
702.5
596.0
375.0
262.25
203.5
45.25
-11.5
17.0
14.25
-24.0
-24.0
-24.0
-24.0
-24.0
-24.0
-24.25
-24.25
-25.0
-25.5
-26.5
-25.75
-26.5
817.75
1590.5
1537.0
1151.5
1257.25
1470.0
1529.0
2290.5
2151.5
2288.5
1917.75
2013.0
2519.75
2026.5
1755.5
1755.75
1112.25
418.25
254.0
27.75
21.25
270.25
685.25
1048.5
1782.5
2066.5
1743.75
850.5
747.0
497.5
234.75
253.75
315.25
761.0
1072.25
1532.0
2302.0
2827.0
2941.25
2995.0
2990.0
2765.5
2198.75
1455.75
2683.5
2322.0
2118.0
1300.5
1244.25
428.5
770.25
2230.5
2101.75
2165.75
2003.75
2114.25
1632.5
1971.5
2175.0
2826.75
2868.75
2118.0
839.5
739.5
119.5
-25.25
37.0
-28.25
147.5
246.25
304.75
116.5
233.0
269.5
362.0
453.25
932.25
899.75
231.25
28.25
216.0
210.5
104.5
60.25
34.25
-15.5
-29.25
42.5
572.0
1119.0
1479.25
848.25
1089.25
749.75
-25.0
-25.25
-25.0
122.0
2578.75
2822.25
2000.5
1952.75
2305.75
2159.5
2089.0
1999.0
1481.25
1591.25
1288.5
1191.75
1137.0
1419.5
990.0
821.5
867.25
450.5
611.0
615.25
83.75
-11.25
-25.5
-25.0
-26.0
42.5
158.75
160.75
141.25
155.5
14.5
77.25
216.25
588.25
1012.5
1385.25
1935.75
2597.25
2003.25
1437.5
485.5
269.25
624.5
363.0
-24.0
-24.0
-25.25
-27.5
-27.75
-27.75
-25.5
-24.75
-24.25
-24.5
""
""
""
""
""
""
""
""
""
""
""
""
""
""
""
""
""
""
""
""
""
""
105.5
294.0
506.25
674.0
1400.5
2237.0
2734.75
2917.5
2991.0
2990.25
2995.25
2563.5
2663.5
2544.5
2009.25
616.75
271.5
90.0
0.75
-23.75
-25.0
-24.0
-24.0
-24.25
-24.25
-25.0
-24.5
754.5
1385.5
956.75
1699.75
2014.25
2034.0
2731.75
2986.25
2886.5
2780.25
2655.75
1080.0
1660.75
1626.0
1287.0
1337.5
1373.25
645.75
342.75
496.0
363.5
448.0
574.5
1480.75
2223.25
2561.75
2986.5
2987.25
2982.0
2988.5
2985.0
2955.75
2837.75
2456.75
2467.75
2967.5
2979.5
2682.25
2933.75
1889.25
2387.5
2634.5
""
""
""
""
""
""
""
""
""
""
""
""
""
""
""
""
""
""
""
""
""
""
""
""
""
""
""
""
""
""
""
""
""
""
""
""
""
""
""
""
""
""
""
""
""
""
""
-1.0
-1.0
""
""
""
""
""
""
""
""
""
""
""
""
""
""
""
""
""
""
""
""
""
""
""
""
""
""
""
""
""
""
""
""
""
""
""
""
""
""
""
""
""
""
""
""
""
""
""
-3.6666666666666665
-3.25
-3.0
-3.0
-3.0
-3.0
-3.0
-3.0
-3.0
-3.0
-3.0
-3.0
-3.0
-3.0
-3.0
-3.0
-3.0
-3.0
-3.0
-3.0
-3.0
-3.0
-3.0
-3.0
-3.0
-3.0
-3.0
-3.0
-3.0
-3.0
-3.0
-3.0
-3.0
-3.0
-3.0
-3.0
-3.0
-3.0
-3.0
-3.0
-3.0
-3.0
-3.0
-3.0
-3.0
-3.0
-3.0
-3.0
-3.0
-3.0
-3.0
-3.0
-3.0
-3.0
-2.25
-3.0
-2.5
-2.5
-2.75
-2.25
-3.0
-2.0
-3.0
-2.25
-3.0
-2.25
-2.75
-2.5
-2.75
-3.0
-3.0
-3.0
-3.0
-3.0
-3.0
-3.0
-3.0
-3.0
-3.0
-3.0
-3.0
-3.0
-2.25
-3.0
-2.5
-2.75
-3.0
-2.25
-3.0
-3.0
-3.0
-3.0
-3.0
-3.0
-3.0
-3.0
-3.0
-3.0
-3.0
-3.0
-3.0
-3.0
-2.25
-2.5
-2.5
-2.0
-3.0
-2.0
-2.5
-2.5
-2.0
-3.0
-2.0
-2.75
-2.0
-3.0
-2.25
-2.5
-2.75
-2.25
-2.75
-2.0
-3.0
-2.0
-2.0
-2.0
-2.0
-2.0
-2.0
-2.0
-2.0
-2.0
-2.0
-2.0
-2.0
-2.0
-2.0
-2.0
-3.0
-2.0
-2.0
-2.5
-2.0
-3.0
-2.25
-3.0
-3.0
-2.25
-3.0
-3.0
-3.0
-3.0
-3.0
-3.0
-3.0
-3.0
-3.0
-3.0
-3.0
-3.0
-3.0
-3.5
-4.0
-4.0
-4.0
-4.0
-4.0
-3.75
-3.0
-3.0
-3.0
-3.0
-3.0
-3.0
-3.0
-3.0
-3.0
-3.0
-3.0
-3.0
-3.0
-3.0
-3.0
-3.0
-3.0
-3.0
-3.0
-3.0
-3.0
-3.0
-3.0
-3.0
-3.5
-4.0
-4.0
-8.0
-22.0
-21.5
-12.25
-18.5
-15.25
-10.0
-10.25
-20.5
-10.0
-10.0
-10.0
-17.5
-11.0
-12.0
-21.75
-11.0
-15.75
351.75
1505.75
1312.25
519.25
678.5
197.0
566.75
385.0
982.0
781.5
808.25
2310.25
2330.25
2548.25
2666.0
2417.5
2869.0
2965.25
2454.5
1729.5
1359.75
1655.0
1768.75
2171.5
1718.75
1275.0
946.75
629.0
572.0
774.25
780.0
686.5
304.5
751.75
1384.25
1650.0
1546.0
1610.25
1845.25
2280.75
2245.25
1923.75
2359.25
2338.25
2067.0
2713.0
1924.75
1745.25
852.25
425.75
42.5
-28.75
-1.25
-18.5
0.25
-1.5
-27.0
-35.0
-34.0
8.25
198.5
130.0
336.0
562.75
416.0
370.5
445.75
363.75
135.75
23.0
63.5
7.0
2.0
-17.75
37.5
-33.25
-34.0
-35.75
-33.75
-34.75
-34.5
13.5
233.75
208.75
295.25
298.75
293.25
393.75
203.75
158.5
332.0
161.75
32.25
-29.5
24.5
90.25
184.0
83.75
243.0
342.0
63.5
297.75
499.5
311.25
296.25
390.75
568.75
841.75
801.0
396.5
453.75
954.25
960.75
495.25
77.75
-28.5
-26.0
-26.25
-26.25
-27.0
-26.75
-26.75
-27.75
-26.75
-26.75
-28.25
-28.25
-28.0
-27.5
-26.75
-24.5
105.0
636.0
893.75
1232.0
1429.25
2155.75
2495.0
2860.0
2995.75
2983.5
2988.75
2993.5
2989.25
2985.75
2738.5
2758.5
2788.0
2776.75
2916.75
2912.75
2159.5
2759.5
2966.25
2951.75
2962.75
2961.5
2444.5
1889.25
2258.5
2868.0
2846.75
2425.75
2623.75
2217.5
2649.75
2544.25
2029.5
2095.5
1425.0
1457.25
1771.5
1839.25
2127.0
1604.75
1303.25
1313.25
1466.0
1830.5
2013.5
1314.25
1572.75
1540.25
984.5
1520.25
1590.75
1804.5
1692.0
1032.75
1459.5
929.25
1660.0
2077.75
1820.0
894.25
922.0
898.0
589.25
640.25
879.5
1093.0
1213.0
667.25
1077.75
2029.75
2347.75
2781.5
2938.5
2730.75
2765.75
2941.5
2814.5
2305.75
2382.0
1763.25
2606.75
2605.25
2584.5
2861.0
2769.0
2827.0
2948.25
2894.0
2387.0
1824.5
2212.0
2202.5
1500.75
2233.5
2373.25
2661.25
2938.25
2216.0
2037.5
2788.75
2700.5
2795.0
2708.75
1444.5
2463.25
2661.25
2322.75
2923.0
2969.25
3000.25
2976.25
2935.75
2959.0
2990.5
2821.25
1945.0
2980.25
2937.5
2623.0
2919.75
2932.5
2936.5
2964.0
2980.5
2899.0
2895.5
2128.75
2208.25
2888.0
2249.5
2202.0
2631.5
2901.5
2971.25
2973.5
2882.5
2711.5
2937.5
2605.25
2522.75
2106.0
2508.5
2885.0
2746.75
1855.0
1473.5
737.5
92.25
106.25
434.75
1047.5
1333.5
2079.25
2588.75
2274.75
1986.75
1656.0
1656.0
1030.25
2015.25
1429.75
1565.75
2622.5
2893.75
2986.5
2891.0
2857.75
2445.25
1176.25
495.75
1147.25
2021.75
1946.0
2080.75
2518.25
2844.5
2659.0
2839.75
2041.5
2532.5
2793.75
2664.5
1507.25
1754.0
2628.75
2896.25
2911.75
2844.25
2878.25
2651.5
2602.75
2959.75
2583.75
2188.25
2242.75
2673.0
2751.5
2984.0
2976.25
2945.0
2875.5
2875.25
2946.75
2978.75
2975.75
2970.0
2964.5
2909.75
2967.25
2959.5
2726.0
2739.25
1310.5
1653.25
1750.75
1498.25
1992.25
1787.75
2206.5
2438.75
2115.75
2605.0
2548.25
2823.0
2922.75
2947.75
2902.25
2871.0
2930.5
2773.75
2916.75
2861.0
2724.75
2757.0
3002.25
2974.5
2969.25
2962.25
2965.5
2949.5
2789.25
2967.75
2968.25
2906.25
2846.5
2840.25
2679.75
1708.0
1674.25
1027.5
2393.5
2968.0
2959.25
2973.75
2918.5
2962.5
215.0
2980.5
1233.25
-33.0
2346.5
2193.5
2349.0
2679.0
2983.75
2971.25
2971.25
2996.75
2980.25
2985.5
2958.5
2960.5
2936.25
2954.75
2320.75
1566.0
1100.0
2465.0
2914.5
2731.25
2465.5
2718.75
2655.75
2512.25
2704.0
2967.25
2959.0
2955.75
2852.25
2835.75
2618.75
2592.25
1581.0
1258.75
1817.0
2641.0
2129.5
1227.75
589.5
1030.75
705.0
823.5
1124.5
1693.25
1326.5
1182.25
1476.75
2499.0
2942.75
2986.5
2981.0
2985.75
2858.5
2851.5
2952.25
2922.75
2965.25
2959.0
2949.25
2819.25
2944.0
2668.25
2651.75
2865.0
2957.75
2995.0
2840.75
2799.75
2412.5
2676.75
2971.25
2729.0
2726.0
2889.0
2896.0
2919.25
2960.5
2946.75
2971.5
2936.25
2983.0
2993.0
2839.75
2110.25
2878.75
2845.25
2981.75
2741.25
2845.5
2942.5
2909.75
2960.75
2953.25
2961.0
2879.0
2982.75
2974.0
2970.0
2978.25
2979.75
2987.0
2974.75
2948.5
2956.75
2898.25
2951.75
2939.5
2983.0
2969.0
2642.25
2794.0
2601.0
2631.25
2486.5
2968.75
2996.5
2956.5
2951.25
2975.75
2967.75
2969.5
2965.75
2967.5
2947.75
2989.0
2955.5
2961.75
2961.25
2985.75
2982.25
2597.0
2427.75
2984.5
2955.0
2973.75
2955.75
2962.5
2960.5
2949.25
2963.0
2927.75
2831.0
2724.75
1918.75
1947.5
2114.25
1793.5
2203.0
1884.25
1398.0
1908.0
2322.75
1793.25
2639.0
2909.25
2984.5
2984.5
2946.25
2868.5
1899.75
2822.75
2288.0
1732.0
987.75
1612.75
2971.0
2692.75
2400.25
2800.75
2828.25
2431.25
2951.5
2960.5
2716.0
2441.75
2209.0
1804.25
2008.5
2214.25
2441.75
2861.25
2568.0
2342.5
1791.0
1775.0
1323.25
766.25
690.0
825.25
1226.5
2038.0
1213.75
1432.0
955.0
467.25
377.25
523.0
280.0
154.75
367.5
109.0
160.0
201.75
173.75
49.25
54.75
-5.0
130.0
52.0
166.0
299.25
328.5
313.0
170.75
235.25
183.0
170.25
113.5
-5.5
-27.75
-26.5
9.5
-28.5
-27.0
-10.25
-26.75
-26.75
-26.0
-30.0
-37.0
-37.25
-29.0
-8.75
-27.5
-30.0
-27.5
-28.5
-28.75
-27.5
-12.5
48.75
34.0
73.75
88.25
-18.75
-32.0
-35.5
-29.75
54.25
69.5
2.0
103.75
243.0
455.0
325.0
377.75
382.25
257.25
238.25
251.25
233.25
212.5
277.0
653.0
1527.75
1576.75
1647.75
1833.5
1188.25
845.25
802.5
484.75
666.25
944.75
1432.75
1274.25
1038.25
336.0
119.0
83.75
137.5
179.5
257.5
204.25
31.25
106.75
109.0
109.0
109.0
109.0
109.0
109.0
109.0
109.0
109.0
109.0
109.0
109.0
109.0
109.0
109.0
109.0
109.0
109.0
109.0
109.0
109.0
109.0
36.5
44.5
91.75
328.5
313.75
251.5
130.5
144.5
673.75
483.0
683.5
911.0
1323.25
1517.0
1654.75
1713.5
1529.25
574.75
9.75
-28.25
-35.75
45.75
172.25
362.0
770.25
1089.5
1219.25
804.25
1147.0
629.25
608.75
922.5
672.5
457.25
331.25
523.0
571.75
633.25
878.75
1469.5
1703.5
1453.75
1808.75
2740.75
2329.25
2355.0
1850.5
1960.25
2371.25
1534.75
2265.5
897.0
1186.25
500.25
932.25
1830.75
929.75
945.75
953.5
636.75
400.75
794.5
327.25
475.25
185.75
86.0
32.75
77.0
408.75
341.75
695.75
1196.5
1283.25
1172.75
1140.25
574.25
398.25
537.75
609.75
691.75
402.75
381.5
318.75
311.75
353.0
187.5
138.5
57.5
48.0
11.0
1.0
-27.75
-19.0
14.25
142.75
86.75
125.25
61.25
57.25
112.5
75.25
43.75
-27.0
-31.75
-34.75
-35.0
-34.25
-30.5
-27.25
-27.25
-18.25
-26.0
33.25
-9.0
16.0
-20.5
9.0
-27.75
3.75
-30.0
12.25
126.5
190.25
124.0
350.75
729.25
550.5
701.0
1382.25
1474.25
1423.5
1658.5
1822.75
2342.0
2117.25
1465.75
1034.5
431.25
399.0
467.5
366.5
165.5
193.0
59.25
165.0
108.0
108.25
120.75
91.0
39.0
115.25
201.75
144.25
634.25
823.25
741.5
832.25
827.5
569.5
385.5
226.25
29.75
-24.75
-38.25
8.25
-14.5
-21.5
-29.75
-29.5
-27.0
-27.75
-6.25
95.5
10.75
-35.5
-34.75
-34.0
-36.25
-34.25
-27.5
-25.75
23.75
66.25
64.5
8.0
-36.5
-34.25
-33.75
-26.0
-20.25
-30.0
14.5
75.75
256.75
450.25
1325.5
2742.0
2951.0
2993.25
2978.0
2978.75
2979.75
2990.5
2980.5
2987.0
2986.0
2990.75
2982.0
2492.75
1440.0
915.5
657.0
706.25
751.25
741.75
906.5
923.0
1032.25
1208.75
1520.75
2448.25
2644.5
2504.25
2565.0
2330.25
2138.5
2037.0
2008.0
1978.75
2210.75
2237.0
2386.5
2080.25
607.0
255.0
204.75
225.25
174.5
123.75
178.75
293.25
450.5
369.75
1532.25
2586.0
2538.0
2073.0
555.75
797.25
818.5
622.5
159.25
246.5
924.0
1050.25
854.5
703.5
197.25
10.0
22.5
36.5
74.0
67.75
241.25
384.0
1590.5
2251.0
2850.0
1745.0
1088.25
1499.75
1964.0
788.25
1157.25
1201.75
523.25
282.0
253.0
292.75
655.5
1814.5
1771.75
1870.25
919.0
91.0
91.75
173.25
647.0
2033.0
2166.0
2072.25
1365.0
1426.75
1483.5
855.75
599.75
641.75
590.5
331.5
317.0
95.25
-1.25
-29.25
-26.5
-35.25
-34.0
-31.75
-26.25
-27.75
-30.75
-27.25
-25.5
17.0
96.25
-16.75
-35.5
-30.25
332.75
299.5
278.75
167.0
16.0
-32.25
-28.75
285.25
482.25
710.75
1460.75
849.25
382.0
996.5
1325.5
753.25
1049.0
1973.75
1753.5
1272.5
1424.75
2359.0
2092.75
2692.25
2374.25
1883.5
1641.0
2014.25
2063.0
1702.25
1785.5
1899.75
2512.5
2435.25
2326.75
1160.25
498.0
285.25
177.25
127.5
157.5
649.25
601.0
550.0
954.5
1043.25
1086.0
1063.25
386.75
337.75
327.75
-23.25
-26.0
-25.0
94.5
498.25
703.5
1017.25
446.75
334.5
154.5
-34.5
-5.25
-27.75
-20.75
-27.5
0.0
128.25
78.0
124.75
288.0
594.0
341.5
47.5
493.0
519.0
197.5
441.25
161.25
20.5
-25.0
59.0
112.25
121.75
-2.0
-2.75
-18.0
-36.0
-35.75
-9.25
425.0
223.0
-13.5
415.0
821.0
592.75
2553.5
2973.0
2968.75
2975.75
2944.0
2948.5
2978.25
2998.0
2990.25
2676.25
1476.5
1205.0
753.5
484.25
87.25
159.0
415.0
529.0
953.25
836.75
955.25
609.25
885.25
1877.5
1262.25
1576.0
2505.0
2669.0
2918.25
2882.75
2952.5
2987.0
2983.5
2722.25
2238.0
1558.0
517.0
371.5
377.5
320.5
456.25
425.75
378.5
378.75
491.25
707.0
1247.5
1489.75
1317.25
1538.0
2577.25
2980.25
2952.25
2989.0
2988.5
2997.0
2994.0
2995.0
2941.25
2039.0
1360.5
755.25
293.0
110.75
210.25
290.0
206.25
375.0
330.0
428.5
694.0
678.25
1481.75
1897.75
965.75
573.75
534.25
853.5
1413.75
1126.75
148.0
183.5
659.0
287.0
348.25
364.0
92.5
71.75
20.75
9.5
146.0
428.0
470.75
791.25
1289.5
2019.25
2439.0
2932.25
2986.5
2986.5
2935.0
2985.75
2837.25
2472.5
2988.5
2992.75
2819.5
2106.5
1005.0
411.0
512.75
311.75
233.25
341.75
611.5
941.0
981.75
797.0
486.75
308.5
246.0
199.75
228.5
361.5
494.5
640.5
1730.0
2779.5
2787.75
1680.5
-2.25
-3.75
-3.0
-3.0
-3.0
-3.0
-3.5
-3.0
-2.5
-3.0
-9.0
-11.5
-5.0
-4.25
-5.25
-5.5
-5.25
-6.25
-5.75
-6.0
-5.0
-4.75
-6.0
-5.75
-5.5
-6.25
-6.0
-5.5
-5.0
-7.5
-6.25
-6.5
-5.25
-5.333333333333333
""
-4.0
-3.0
-2.0
-2.0
-2.0
-2.0
-2.0
-2.0
-2.0
-2.0
-2.0
-2.0
-2.0
-2.0
-3.0
-3.0
-3.0
-3.0
-3.0
-3.0
-3.0
47.75
181.33333333333334
-3.75
-4.5
-4.0
-4.0
-3.75
-4.25
-4.0
-3.75
-4.75
-4.0
-5.25
-6.0
-5.5
-5.75
-6.0
686.0
133.5
616.75
1862.75
1942.0
1756.0
1386.0
1611.0
1518.25
1312.25
1691.75
2052.25
2856.75
2974.75
2976.0
2972.0
2973.5
2959.25
2970.25
2897.75
2766.75
2889.75
2849.25
2649.0
2314.25
2133.75
2551.5
2584.25
2229.75
1757.5
1113.75
339.75
482.5
258.5
833.5
1526.75
2022.25
2377.75
2004.0
1709.25
1337.75
1384.75
1147.0
1377.0
2342.25
2536.75
2181.5
2188.0
1698.5
645.25
513.75
763.0
523.25
465.25
296.0
335.25
284.0
289.5
319.0
520.5
1193.0
1934.5
1462.75
1399.5
2327.0
1781.5
1259.0
922.5
956.5
907.25
806.25
893.25
1116.75
481.5
457.0
718.0
338.25
317.75
316.0
169.0
181.25
248.0
294.25
674.0
1122.75
1990.25
2040.25
2265.5
2190.5
1675.0
1863.75
1499.5
1221.75
1589.0
1701.0
2360.75
1690.25
1066.0
993.25
1707.5
1128.25
1165.75
1304.75
1319.75
1576.5
1928.75
2269.75
2834.75
2970.0
2950.0
2974.0
2968.25
2972.25
2962.75
2972.25
2979.25
2981.25
2980.75
2970.5
2961.75
2951.75
2564.25
2602.25
2724.0
2429.25
2689.5
2687.5
1858.75
2058.0
2190.0
2940.75
2740.5
2971.0
2966.5
2972.75
2839.0
2947.75
2975.0
2919.0
2961.5
2985.5
2980.0
2977.75
2856.25
1612.75
771.0
262.0
188.0
114.5
381.75
-8.0
-18.5
-10.25
79.25
2197.0
1855.5
1086.5
2184.25
2715.75
2364.0
884.0
313.25
-34.5
26.5
288.0
371.75
650.75
852.5
116.5
-19.0
-6.25
-5.25
-8.5
-8.0
-6.25
-7.75
-8.25
323.25
1540.25
1417.0
2135.75
2091.0
633.5
357.75
819.75
921.5
1197.25
531.0
617.5
1422.75
2215.25
1723.25
780.75
1033.5
1144.0
1531.25
1810.0
1569.25
1656.75
1967.5
2407.0
1971.25
1958.25
1387.5
1077.0
777.25
952.25
531.5
810.5
876.5
878.5
1165.25
963.75
820.25
663.75
798.5
459.0
222.75
227.25
115.5
284.5
1448.5
265.75
2594.25
1225.0
739.5
302.5
2173.5
629.75
2383.0
2189.0
2834.25
2857.5
2188.75
1583.5
2307.0
1570.0
1454.0
941.0
1667.5
993.5
975.25
371.5
205.25
11.5
30.75
19.5
158.0
79.25
142.0
127.25
177.25
265.75
235.75
210.25
240.25
333.5
556.25
697.5
622.5
627.75
663.75
700.0
470.5
377.5
397.5
367.0
653.0
1673.75
1324.5
914.75
2122.25
2272.75
2388.5
2168.5
1772.5
936.25
882.25
663.5
385.0
388.75
395.5
603.0
402.25
803.5
1216.75
1117.25
1246.25
1142.25
1363.25
877.0
412.75
336.0
545.5
672.0
467.25
362.75
371.5
719.75
595.5
746.25
1492.25
1172.75
480.0
246.75
-23.5
-25.0
-26.0
-25.0
505.75
305.75
350.75
230.25
120.75
85.0
133.25
61.0
212.25
233.75
193.75
35.25
-34.0
32.25
2.75
-24.25
-25.0
-25.0
-25.0
-25.0
-24.75
192.0
566.25
809.25
1533.5
1124.5
777.25
670.0
124.0
447.25
866.75
1412.5
1390.0
1661.75
1590.25
1052.25
1135.0
641.25
685.5
505.0
314.5
1295.75
613.75
549.25
1075.25
688.5
679.25
776.0
1003.25
1110.5
904.25
740.0
672.0
496.0
466.75
294.0
695.5
812.5
946.25
754.0
588.25
297.75
175.75
516.0
451.0
-28.75
-24.5
332.5
514.0
338.0
329.0
373.5
313.75
647.75
643.75
940.75
992.25
1086.5
1747.75
1372.75
1661.0
1286.5
1284.75
1270.5
1349.5
686.25
827.5
708.0
948.0
1023.0
244.25
527.0
378.5
327.5
389.25
392.5
577.0
377.5
248.75
194.0
153.0
62.25
291.5
292.75
436.0
135.25
385.0
595.75
552.75
396.5
538.25
267.0
499.5
307.0
330.0
282.0
204.25
246.25
327.25
497.0
474.0
401.0
132.75
94.75
-14.25
62.75
394.25
377.25
309.5
469.0
803.25
389.75
594.5
632.75
317.75
242.5
681.5
438.5
546.5
386.0
147.75
363.0
428.75
325.5
448.25
282.25
79.25
-19.75
-15.5
-13.5
-7.0
-7.0
-8.5
-6.0
-7.75
23.5
38.25
-13.25
-24.75
-22.5
-17.5
484.0
1519.5
2602.0
2995.25
2994.75
2996.5
2975.75
2959.5
2994.0
2427.25
1037.75
1.75
434.25
888.0
567.0
635.5
978.0
848.25
1091.25
772.25
664.75
616.75
1430.5
1539.25
2277.25
2037.0
1279.75
2528.25
2181.0
2186.75
1567.0
1069.5
846.0
1417.0
841.5
565.5
565.25
290.25
550.25
1824.25
1478.25
647.5
1688.75
947.75
808.25
2370.0
2937.75
2991.0
2990.0
2862.25
2583.5
2517.5
2438.25
2250.75
1833.5
1738.0
1277.0
867.5
1101.75
1085.75
1456.25
1863.0
2024.75
1550.5
837.75
365.25
845.25
267.0
341.75
170.0
27.25
-14.75
-26.25
-25.0
-25.75
-25.0
75.5
661.25
1974.5
2466.5
2342.75
2976.75
2225.75
1730.25
1553.0
892.75
1037.0
2498.25
2809.25
1898.25
714.25
1129.5
1937.0
1101.0
923.75
1010.5
998.0
349.25
852.0
1937.5
2112.5
2211.75
2471.25
2311.0
2450.0
1987.0
1454.5
1161.25
1501.75
1615.25
1029.5
1217.5
1327.5
1278.5
1054.25
1243.0
1625.0
1133.25
588.75
783.25
1172.25
1339.25
1407.0
1394.25
1486.0
2209.75
2685.5
2902.5
2269.25
1054.5
976.75
790.5
730.25
926.5
494.75
951.75
723.75
676.5
482.75
661.75
802.25
160.5
1703.75
2219.0
1875.0
1692.0
2213.75
2050.75
955.75
756.5
723.5
1013.75
1714.5
1841.5
1535.5
1028.0
850.25
1213.0
1186.25
1069.0
1598.75
2156.0
2478.25
1433.5
2593.0
2437.0
2443.75
1902.75
1675.0
1919.75
2449.5
2908.25
2270.0
2755.5
2893.0
2022.25
1460.5
1193.0
211.75
365.75
1020.25
1058.5
1162.0
881.75
496.0
635.0
627.0
489.75
539.75
721.5
503.5
487.75
432.5
187.0
129.0
436.25
395.25
723.75
698.0
567.5
337.25
68.25
-8.0
-26.0
-38.75
-35.75
-35.5
-36.75
-33.25
-28.0
-29.25
-28.5
-7.25
123.25
149.75
279.75
381.25
529.75
497.0
496.25
559.25
931.5
832.25
781.0
1382.0
1314.25
885.0
709.5
963.5
743.5
656.75
592.0
435.25
262.0
372.5
391.5
378.0
6.25
1386.25
2099.5
2337.25
2583.5
1556.25
891.25
826.5
846.5
1071.5
1241.0
930.5
681.5
219.5
218.5
271.25
323.5
173.25
116.25
245.75
282.5
570.0
534.0
571.25
355.25
682.25
999.0
1256.0
927.25
830.0
868.5
404.75
63.75
546.5
813.25
976.25
958.25
504.0
211.5
17.5
73.5
19.0
2.25
7.25
37.25
-1.0
137.75
327.25
1219.25
2168.75
577.5
-35.5
-34.0
125.75
765.25
970.75
789.75
507.75
296.25
130.5
219.75
70.5
70.25
125.0
234.5
250.25
595.5
1121.75
554.5
418.5
217.25
478.75
1587.25
1850.75
2183.5
1693.75
1786.75
1018.0
832.5
1733.5
1434.25
938.75
1089.25
1567.75
2666.75
2530.25
2795.0
2113.75
1707.75
773.0
585.25
298.25
113.25
498.5
768.5
1767.25
1931.75
1999.0
2496.5
2450.25
2080.75
1823.25
1784.0
1150.0
1207.75
1863.25
1723.0
1916.0
1786.0
1512.0
827.5
1093.5
1529.5
953.5
1208.5
777.75
511.75
882.25
979.75
1544.0
913.0
1445.25
1151.25
982.0
572.75
502.0
376.0
609.25
582.5
358.5
193.5
8.0
-27.75
-27.75
-28.25
-31.25
-2.75
-8.75
-12.0
-24.75
7.0
-16.5
-12.0
14.0
-33.0
-33.25
-26.25
-25.0
-25.5
-26.5
-26.0
-25.75
-26.0
-7.25
25.75
-25.25
-27.75
-26.25
-29.5
-28.25
-30.0
7.25
-24.0
-28.5
-27.75
-24.25
25.0
35.0
45.75
58.5
48.0
-33.0
-26.25
-25.25
-25.25
-25.5
-26.0
0.75
19.75
-27.75
-28.25
-27.5
-27.75
-30.0
3.25
443.0
236.0
33.75
134.25
519.0
203.25
801.75
483.25
64.25
33.75
-27.25
311.0
143.25
-26.5
-25.0
-25.0
33.5
159.75
78.25
53.0
35.75
5.75
1.5
68.25
167.75
119.25
224.75
323.5
200.75
271.5
242.25
39.5
173.0
102.5
-30.25
-26.0
-26.25
-26.5
91.75
455.25
591.75
526.25
411.25
496.0
94.5
67.0
246.5
250.0
284.0
83.25
43.75
144.0
101.25
-38.75
-34.75
13.25
-7.0
170.75
-32.75
573.5
805.25
251.75
-31.25
-27.0
66.25
147.5
336.75
735.25
516.5
841.75
1116.25
633.0
209.0
372.75
914.0
1393.5
1009.0
470.25
422.0
439.0
257.5
143.75
402.25
-28.0
-28.25
507.5
647.5
385.25
251.25
151.5
253.25
304.25
306.75
401.75
450.5
643.5
451.0
260.5
213.75
161.0
225.25
229.5
249.5
66.75
271.0
123.25
-25.0
-25.0
299.75
179.5
-33.0
-27.5
-25.5
-25.75
-25.25
-25.0
-25.25
-28.75
-30.25
0.5
25.0
-8.75
59.5
53.0
143.5
46.25
108.75
34.5
90.25
535.0
256.75
-30.75
11.0
148.5
434.75
413.25
174.5
134.0
94.75
11.0
3.75
-24.5
-29.0
46.0
15.5
-14.5
-25.5
-34.75
-30.25
-17.5
53.25
-28.0
-34.5
-31.0
-33.75
-32.25
-25.75
-26.5
-26.5
-27.0
35.5
65.5
-24.25
-29.0
-28.25
-27.25
-28.25
-22.5
-27.75
-28.75
-28.75
-27.0
-27.0
-28.75
-30.75
-27.75
-33.0
-34.75
-33.5
-33.0
-33.5
-33.0
-29.75
-25.25
2.5
46.5
28.0
-22.25
-27.25
-25.5
88.5
59.5
78.25
49.25
145.5
205.0
62.0
290.25
320.75
86.75
405.25
899.25
1276.0
1945.25
2276.0
2836.0
2986.5
2767.0
2462.0
1702.75
1278.5
981.0
364.75
196.75
178.75
123.5
174.25
148.0
182.75
121.0
171.0
85.5
1289.0
2419.25
1423.25
392.75
224.25
-33.5
-33.25
229.0
701.75
676.25
219.25
-31.0
-36.25
-36.0
-38.5
-36.25
-10.0
4.0
46.75
132.75
227.75
124.0
112.0
175.75
260.5
38.25
593.5
955.5
1272.0
2125.0
2032.75
2526.0
2876.5
2795.0
2911.0
2840.5
2471.75
2247.75
1157.5
78.0
134.25
168.75
272.25
294.25
214.25
189.25
157.0
93.0
588.25
274.75
1003.75
1949.75
1715.5
2651.75
2974.25
2973.5
2989.25
2727.75
1412.5
1948.5
1625.0
1165.25
1642.5
1416.0
1284.5
865.25
894.75
871.5
904.25
789.5
1062.25
1295.5
1027.75
1247.25
1902.75
1156.75
295.0
-32.75
-32.5
-26.75
-27.75
-27.25
0.5
92.5
589.5
863.0
539.75
332.5
425.75
834.75
792.5
780.0
982.5
1346.25
873.0
1028.5
1718.25
397.75
1214.75
1864.25
2044.25
2916.25
2524.25
789.25
337.75
512.25
1509.5
1595.25
1328.0
847.75
696.75
887.5
880.0
940.25
720.5
1001.0
520.5
917.5
756.25
343.5
106.5
-10.5
96.75
125.25
-33.0
252.0
-10.75
-27.0
-27.25
-25.75
222.25
428.5
647.75
1153.5
763.5
211.0
264.0
649.75
721.75
899.0
580.75
331.75
271.75
64.0
266.75
678.0
331.5
580.5
164.75
-33.0
-34.25
-33.0
-33.0
-32.25
-26.0
-24.25
113.75
402.25
27.75
-36.25
-15.25
-17.75
-5.25
-36.75
-27.0
-34.0
11.75
1206.0
1837.0
903.75
2439.5
1544.5
878.75
968.75
716.5
890.5
1092.75
1395.75
1128.0
1416.5
2109.0
897.25
232.25
-19.5
54.0
4.0
11.0
7.5
22.25
10.5
31.0
-36.25
-37.0
661.75
396.0
1055.0
1142.75
-13.75
214.75
265.5
717.5
120.25
622.25
443.0
732.5
1410.5
1469.0
424.5
-38.75
179.25
1383.75
2353.25
1745.25
1516.5
1301.75
569.5
384.25
263.5
-33.25
6.25
-30.0
18.0
-10.75
-27.75
342.75
610.0
627.0
289.25
99.5
7.0
11.5
-19.0
51.75
33.5
-16.25
-32.25
-35.25
-35.0
34.0
31.0
69.25
16.0
44.0
25.75
-33.75
-33.0
-33.0
-33.0
-33.0
-33.0
213.5
1242.25
1592.25
1722.5
912.5
1617.75
2476.5
2464.0
1836.5
686.0
220.25
22.0
21.75
16.75
2.5
68.5
322.0
518.5
1786.5
1566.75
2882.75
2574.75
942.75
1364.25
1551.25
1977.25
1553.75
1691.75
2132.5
1359.75
1997.0
1304.75
1260.75
1417.25
876.5
977.0
878.75
711.25
381.5
88.25
103.75
194.25
575.25
533.0
1441.5
2289.75
66.25
829.5
626.5
36.75
50.75
6.75
36.25
-9.75
-31.75
-37.5
-32.75
-12.25
61.25
101.25
47.5
88.0
156.75
91.5
169.75
173.25
-12.75
-27.0
-27.0
138.25
45.0
-27.0
91.25
74.25
189.5
262.25
171.5
158.0
163.0
267.5
307.75
360.5
337.0
290.0
269.25
302.25
291.25
187.25
279.0
1431.0
1926.5
2139.25
1786.0
1679.5
943.0
614.5
533.75
635.25
1095.0
641.75
114.0
319.0
219.75
213.25
148.0
165.25
75.75
3.5
-6.0
""
-5.0
-5.25
-5.25
-5.0
-5.0
-5.0
-5.0
-6.0
-5.0
-5.0
-5.0
-5.0
-6.25
-5.0
-5.0
-25.0
-9.25
24.0
49.5
169.75
52.5
62.5
213.5
128.75
137.5
57.25
61.0
134.5
113.25
-33.0
-33.25
-33.0
178.75
2789.5
2065.25
421.0
299.0
340.5
1776.75
258.0
227.5
354.0
307.0
179.75
220.5
41.0
481.25
572.0
146.25
49.25
75.5
88.0
44.75
158.5
156.5
357.75
530.0
453.25
20.5
92.0
-5.75
64.25
42.5
-35.25
-38.75
-7.0
-20.25
-35.0
73.75
11.25
0.75
62.75
46.25
-15.25
-16.75
150.0
183.25
553.75
972.0
952.5
1508.75
1349.75
2104.5
2355.75
2536.0
1794.75
1364.75
1012.25
546.25
637.25
618.75
899.25
916.25
1133.25
1340.0
2188.25
2152.5
2538.75
2489.25
2727.75
1818.75
1141.5
1479.0
1397.75
2210.5
693.75
868.75
1277.0
1320.5
1966.5
1191.0
782.25
721.25
671.0
739.0
1155.75
662.5
616.0
669.25
306.25
341.25
269.75
489.25
890.0
2083.0
2363.25
2656.75
2147.75
1371.25
1351.5
1557.5
1186.0
1285.5
893.5
750.5
545.75
672.75
524.25
446.5
446.0
285.5
138.25
288.0
264.5
365.75
251.5
394.5
879.75
946.0
1480.0
2845.5
2942.0
2915.75
2966.75
2836.75
2515.75
2295.0
1804.5
1774.25
1067.5
174.5
189.5
236.25
56.5
79.25
55.75
88.75
-2.75
12.0
-26.5
78.25
275.0
53.5
-32.5
-32.5
-33.0
-32.75
-33.0
-23.5
15.75
44.75
64.75
4.75
-35.5
-36.25
-35.75
-36.0
6.75
73.75
230.0
128.75
257.25
213.25
160.0
262.5
399.0
183.0
379.25
429.0
349.5
239.5
234.0
665.25
702.5
340.5
345.0
143.5
30.0
52.25
252.75
693.0
713.25
509.0
912.75
841.0
1005.0
1641.5
708.5
503.5
1270.0
1192.5
1234.25
839.75
981.25
1106.5
1184.75
845.25
933.5
821.25
341.75
-19.5
-35.5
9.0
0.75
215.0
109.0
145.75
119.5
98.5
119.5
291.75
55.25
231.5
923.25
1794.25
2367.25
2021.75
1811.0
1726.75
1839.25
1451.75
878.25
1187.25
1254.0
570.0
385.25
151.25
68.0
190.0
137.25
69.25
46.5
86.75
46.5
67.75
57.0
142.75
351.75
825.0
1435.0
1781.0
2140.25
2274.25
2892.5
2642.0
-14.5
-14.5
-15.0
-15.0
-15.0
-15.0
-15.0
-15.0
-15.0
-15.0
-15.0
-15.0
-15.0
-15.0
-15.0
-15.0
-15.0
-15.0
-15.0
-15.0
-15.0
-15.0
-15.0
-15.0
-8.0
-5.5
-5.0
-5.5
-5.25
-5.25
-5.25
-5.0
-5.25
-5.0
-5.0
-5.5
39.75
637.75
421.25
475.5
366.75
916.75
189.0
546.75
1025.5
284.25
-33.0
472.75
137.0
-12.5
81.75
89.5
98.75
113.25
244.5
330.5
412.5
539.75
460.0
358.0
336.75
488.0
253.0
228.5
635.25
956.0
1891.25
2256.75
2573.5
2771.0
2833.75
2552.25
2651.25
2295.0
1255.0
201.25
34.0
73.25
148.5
32.75
180.5
248.0
114.0
89.75
167.75
204.5
20.0
262.75
918.5
965.5
1340.0
2797.5
2693.0
2637.5
2811.75
2449.25
1829.75
2049.75
1234.25
281.0
-24.5
-30.75
-40.5
-24.25
-30.5
35.25
57.0
55.75
156.75
208.25
110.0
45.75
187.25
549.0
522.25
162.5
-33.0
-33.0
-26.75
26.75
165.25
137.5
207.25
557.75
253.0
160.25
327.75
957.25
456.75
355.5
455.75
688.5
574.25
517.25
139.25
124.75
125.5
-31.5
-33.25
-33.75
-33.0
-33.0
631.25
1418.75
1967.25
1757.25
1214.25
481.0
368.25
788.75
1533.25
2034.0
1969.75
2131.75
2142.0
984.5
1498.0
866.0
345.25
924.0
1790.0
1567.75
2041.25
798.5
586.0
2105.75
1389.5
1147.75
1320.0
1217.5
284.0
73.25
333.25
212.5
142.0
185.25
462.5
879.25
1259.25
1261.5
1212.25
454.5
483.75
667.0
386.75
133.5
244.75
40.75
-26.5
-26.0
-26.0
0.75
-28.0
-27.75
-28.25
-21.5
132.75
390.5
616.75
774.25
829.5
1022.75
652.5
787.25
648.25
577.25
550.25
556.75
608.75
543.75
410.75
324.0
383.75
603.5
458.0
177.0
36.25
-29.0
-24.5
2.75
70.75
295.0
405.75
377.0
473.0
637.5
602.25
856.75
814.75
627.5
337.5
477.0
356.25
570.75
788.25
354.75
190.5
298.0
139.75
-23.0
-28.5
44.25
35.25
-35.75
55.75
74.5
93.75
85.0
62.75
140.0
113.75
139.75
223.25
234.0
145.0
43.25
298.75
301.5
-33.0
467.0
187.75
-29.75
-25.5
330.0
624.0
314.25
17.0
12.0
-34.0
-35.0
162.0
215.5
715.75
1427.0
979.25
470.75
371.0
440.5
328.75
204.25
373.25
632.75
746.75
801.5
626.0
353.5
-30.5
10.25
341.75
471.25
521.5
252.5
45.0
1.75
137.0
1425.75
1084.75
558.0
901.75
1091.0
488.5
224.5
356.25
541.25
767.25
1616.0
1482.0
738.0
1439.25
873.5
277.0
1709.75
1004.75
932.75
546.75
698.5
701.0
824.5
590.0
497.0
822.5
1694.5
1206.75
829.25
673.0
694.25
628.5
451.75
685.25
353.25
463.75
664.0
214.25
276.5
151.0
27.5
186.25
263.5
262.0
85.75
49.25
-0.25
147.5
216.5
240.75
512.0
245.25
214.5
165.75
270.75
223.25
310.0
956.25
1648.75
1906.5
1617.0
1121.5
1572.25
1566.75
1890.25
1913.5
1658.25
1262.0
686.0
78.0
-36.75
-11.0
-24.5
19.0
-1.0
-11.5
86.25
428.0
507.0
161.0
168.25
512.25
1031.25
1236.75
837.75
399.5
47.5
-30.25
50.5
268.5
337.75
150.75
64.0
204.75
176.5
134.5
149.75
191.75
124.25
190.25
126.25
347.25
418.75
101.25
215.25
440.0
411.75
485.75
333.5
-33.0
-31.0
-25.75
-26.25
-26.25
-26.75
-27.0
-25.75
-25.75
29.5
32.75
73.25
135.25
113.0
305.5
331.25
221.25
333.25
76.5
122.25
296.25
53.5
-35.0
302.25
571.75
105.75
-33.0
-29.25
-21.5
34.25
59.0
-24.25
-3.0
-13.5
14.5
43.25
401.0
426.25
342.75
236.25
309.75
492.75
337.25
363.0
117.5
-33.0
-33.0
-33.0
175.5
811.5
380.0
-11.75
194.5
266.5
362.5
462.5
433.0
126.0
0.25
-34.25
-37.5
-28.25
-21.5
36.0
46.75
201.0
269.25
234.0
168.0
-33.25
-33.0
-33.0
-33.0
-33.0
-33.0
-33.0
-33.0
-33.0
-34.5
47.25
45.25
139.25
56.75
218.75
406.75
464.75
226.5
678.75
961.75
746.75
218.5
724.0
1051.25
1130.75
651.75
652.0
478.5
140.0
883.25
996.25
400.5
767.25
1748.0
1895.75
588.25
203.5
353.75
420.75
1315.25
589.25
940.25
496.5
343.25
183.75
18.75
119.25
111.5
-33.0
-33.25
-33.0
-33.0
-33.0
-33.0
-33.25
-31.75
38.0
150.0
191.75
93.5
39.5
143.0
216.0
35.0
124.25
209.5
268.5
182.25
234.5
75.5
174.75
84.25
12.5
101.75
-33.25
-33.25
500.75
767.0
843.5
647.0
546.5
385.0
250.0
42.0
-20.25
-36.75
-11.25
-28.0
-37.25
-38.25
-36.75
-34.75
-35.25
-34.0
50.0
99.5
-33.0
-33.5
-33.0
725.5
1071.75
695.5
544.75
365.75
478.25
513.75
349.75
111.5
-33.25
-17.75
20.75
-5.0
-36.0
-6.0
-3.0
-34.75
-39.25
-35.25
-37.25
-13.0
-34.75
-34.75
192.0
579.25
398.0
-33.5
-33.25
6.5
10.75
-24.5
-31.25
-4.25
5.25
-6.0
14.75
8.25
-26.5
-6.25
17.75
-32.25
-1.25
-37.25
36.5
397.5
141.0
608.5
1647.75
1243.5
1220.5
1460.75
815.5
410.75
287.25
237.25
20.5
-30.5
-41.75
-38.5
-10.5
-9.0
-34.0
-25.75
-40.0
-29.5
230.5
432.0
214.75
236.75
1486.25
1589.75
1602.0
1510.0
570.0
-8.0
-34.5
60.0
466.5
1829.25
502.0
27.25
-36.25
-18.25
-35.0
-36.0
-35.75
-29.25
-35.5
-35.75
-37.25
94.5
1174.75
517.75
-33.0
107.75
63.5
180.75
-23.75
-34.0
317.0
184.25
380.0
606.75
76.0
6.0
-27.5
90.0
190.25
148.25
203.75
24.5
146.0
1288.75
894.0
779.5
713.25
795.0
468.0
1130.25
1713.75
1138.0
912.0
931.0
772.75
914.75
829.0
564.75
366.75
361.0
296.75
151.0
253.0
258.25
162.75
3.0
-31.75
3.75
35.5
52.5
54.25
-26.0
-33.25
-35.75
-35.75
-35.0
-36.0
-36.75
-36.5
-13.0
34.5
52.75
-36.5
-39.5
-38.5
-36.75
-31.0
-5.75
-37.75
-36.25
-34.75
0.25
56.75
16.0
-22.0
-36.5
-33.25
-33.5
-31.25
1144.0
867.25
1151.5
1887.25
1306.75
2067.25
743.25
658.0
470.25
194.25
57.25
44.75
5.0
27.5
7.25
-7.75
14.25
119.25
76.25
165.0
397.0
427.5
658.25
792.5
426.5
-33.25
-33.0
-30.5
-10.5
-32.5
-33.0
-31.75
-33.25
-33.75
56.75
158.25
259.0
175.75
104.25
168.25
147.25
78.75
17.25
215.5
278.75
8.25
-33.0
-33.0
-26.25
-26.0
-26.0
-26.0
-4.5
-29.5
-23.5
-30.25
-28.75
-12.25
-13.0
-20.25
25.75
164.0
34.5
196.5
698.0
797.0
300.5
628.25
740.25
311.5
-33.25
-33.5
-31.5
-27.25
-28.0
-28.0
-28.0
-28.0
-28.0
-28.0
-4.5
-1.0
223.75
114.5
118.25
248.5
206.25
228.25
165.75
259.75
163.0
209.25
49.5
-33.0
-29.5
-27.5
-26.0
-25.75
-27.0
-27.75
-27.5
-27.25
-27.0
-27.0
-26.25
-28.75
-19.25
-29.5
5.25
-19.5
140.5
-19.5
-4.5
41.75
-34.75
-33.0
-33.5
-33.25
-33.75
-33.5
-33.25
-33.25
346.0
485.0
703.25
1110.75
1318.5
908.25
450.25
382.5
920.0
1028.5
137.0
-36.0
-35.0
-32.0
76.75
204.25
143.25
316.75
-33.75
784.25
1135.5
1571.5
1015.5
810.0
962.75
1167.0
947.0
805.5
350.0
193.5
256.0
243.25
151.0
435.0
264.75
230.5
515.0
70.25
-26.25
-35.25
-35.5
195.5
399.0
318.0
1348.75
639.75
643.0
1197.75
1479.25
1817.0
1299.25
1013.75
1525.0
1334.75
1138.75
653.0
778.0
815.0
828.5
675.75
1082.5
1111.75
1132.75
1289.75
567.0
935.25
1484.75
1471.5
1385.25
377.0
-33.75
-34.0
329.75
480.0
348.25
324.0
43.75
20.5
-5.5
33.5
19.25
74.25
138.75
119.0
229.25
354.25
238.0
151.75
28.75
30.5
-33.5
-33.0
-34.0
-33.75
-33.5
-30.5
328.5
36.5
239.0
639.25
1392.5
1263.5
403.25
386.75
450.75
290.25
248.25
253.0
144.0
136.75
64.25
130.5
619.25
1259.25
1587.0
1465.0
1553.75
151.5
47.0
233.0
1002.0
1593.0
1449.75
1139.75
1415.0
1335.75
1681.25
1319.75
1711.0
1632.25
1282.0
1558.5
876.75
452.75
598.0
294.0
232.5
1108.0
1305.75
1249.0
954.5
900.75
439.75
54.25
-33.0
-33.0
-36.25
-36.5
-33.75
138.25
225.5
97.25
145.75
196.5
39.25
240.0
223.5
291.25
787.25
636.75
-1.75
528.5
1709.0
424.75
542.5
1115.0
1034.75
801.0
998.25
1055.75
1386.75
572.25
270.75
188.0
-14.0
43.25
15.5
24.75
32.5
-26.0
6.75
-17.25
-32.5
45.75
73.25
252.25
12.75
323.25
992.0
1632.0
950.25
875.5
488.5
731.5
891.25
1437.25
894.5
255.25
347.75
597.25
698.0
468.75
465.5
562.5
396.75
383.25
404.5
406.5
254.5
231.0
-33.0
-26.0
-25.75
-27.0
-27.0
438.0
814.25
646.75
266.0
418.0
303.0
112.75
93.75
340.0
766.5
569.25
319.5
127.0
1074.25
243.5
157.75
178.25
217.5
122.5
-32.5
-26.0
-26.5
-27.0
49.25
896.0
1255.0
1617.0
1379.25
1907.75
1672.25
942.75
386.75
287.0
920.25
249.25
130.75
262.5
175.75
232.5
607.5
1201.0
491.75
381.0
1567.75
1945.0
1545.0
1203.0
1325.25
1497.0
1407.0
1192.0
807.0
978.25
455.75
675.5
302.25
491.0
276.25
233.5
199.25
90.75
237.25
434.0
278.5
129.75
-36.0
-35.75
-33.5
-33.0
-29.75
746.5
1809.25
1435.25
1477.25
1762.75
1693.0
1683.0
1456.5
1416.5
1080.25
420.5
49.5
27.25
117.75
251.25
375.5
513.75
201.5
160.0
38.75
-13.75
1131.25
1706.75
1452.0
602.25
453.25
77.75
492.75
1778.25
1930.0
1859.25
1189.0
585.25
301.0
295.75
509.5
728.0
682.5
555.0
308.25
323.0
169.75
86.5
243.25
-12.75
-13.0
-12.75
-13.5
-7.5
-14.5
-16.25
-16.75
-17.5
-16.25
-16.75
-16.5
-18.0
-16.0
-16.25
-13.5
-7.0
-7.0
-7.5
-7.25
-7.0
-7.0
-7.0
-7.0
-7.0
-7.75
-7.25
-7.25
-7.0
-7.0
-7.0
-7.0
-7.0
-13.25
-7.0
-7.0
-7.75
-9.25
-15.75
-9.75
-7.0
-11.75
-16.75
-16.5
-16.5
-17.5
-17.0
-18.5
-17.0
-17.75
-17.0
-12.25
-7.0
-6.5
-6.0
-10.0
-17.0
-8.25
-6.25
-6.5
-9.0
-17.0
-13.0
-6.5
-6.0
-6.0
-6.0
-5.75
31.25
-6.75
11.25
37.0
-13.5
162.25
919.0
648.75
501.5
611.0
447.75
432.75
807.0
1567.25
2056.25
2210.5
2069.75
1557.0
920.5
257.5
-23.0
-34.0
-34.5
-33.25
-28.25
-25.75
-26.0
-25.75
-27.25
-26.5
-27.75
-27.0
-27.0
-27.25
-27.0
-27.0
-28.0
-27.0
-27.0
-27.0
-27.0
-27.75
-27.25
-27.0
-27.5
-26.75
-25.75
-27.25
-26.75
-25.75
-26.0
-25.75
-27.0
-27.0
-27.5
-27.25
-27.0
-27.0
-27.25
-27.0
-27.0
-27.0
-27.0
-27.25
-27.0
-27.0
-28.0
-27.0
-27.75
-27.5
-27.75
-30.75
-33.0
-33.0
-33.0
-33.0
-33.25
-33.75
-34.75
-35.25
-34.5
-34.0
-31.0
-27.0
-27.25
-27.0
-27.25
-28.0
-27.0
-27.5
-28.0
-28.25
-34.0
-33.0
-33.75
-34.75
-34.25
-33.0
-33.5
-33.75
-33.75
-33.0
-33.25
-33.25
-33.5
-33.25
-33.0
-33.0
-32.5
-27.25
-27.75
-27.0
-27.0
-27.0
-28.5
-27.5
-32.5
-33.5
-34.0
-34.5
-33.75
-33.0
-32.75
-33.0
-33.25
-33.25
-30.5
-27.5
-27.0
-27.0
-27.0
-27.5
-32.75
-33.0
-29.25
-27.0
-27.0
-27.75
-27.25
-27.5
-33.75
-34.5
-33.0
-33.0
-33.0
-33.0
-33.75
-33.0
-33.0
-33.0
-33.0
-33.0
-33.0
-33.0
-33.0
-33.25
-33.25
-33.0
-33.0
-33.75
-33.0
-32.75
-34.75
-15.75
-9.25
-4.75
-17.5
-16.25
-30.0
-14.5
-10.25
-3.25
-11.5
-13.0
-13.0
-13.0
-12.5
-12.5
-12.5
-12.5
-12.75
-12.75
-11.0
-7.0
-7.5
-7.5
-7.5
729.0
598.5
374.75
341.75
67.25
50.5
-36.25
33.25
43.5
-31.75
-33.0
-33.0
-33.0
-33.0
-33.0
-33.5
-33.0
-33.5
-33.75
-33.25
-33.0
6.5
88.25
-0.75
40.0
30.75
56.5
3.25
-27.75
-37.0
-35.5
-36.0
-36.0
186.0
692.0
420.0
463.0
420.75
536.25
322.5
-6.75
-33.0
-32.5
323.0
700.75
624.75
158.75
240.25
248.0
326.75
342.5
128.25
78.75
91.25
-21.75
-36.75
-36.75
-34.0
36.0
567.5
626.75
752.0
858.75
980.75
756.75
1127.0
894.5
492.5
559.25
1469.0
517.75
296.0
753.75
958.0
1077.25
1089.25
1007.0
725.75
799.75
247.75
426.5
833.0
1056.5
917.5
473.5
618.0
444.25
248.0
-32.75
174.25
365.25
340.25
455.0
196.5
62.5
184.75
263.25
308.25
482.0
594.25
400.0
320.25
248.0
212.0
92.75
334.5
648.75
538.75
355.75
671.5
714.5
514.25
378.25
50.0
-29.0
22.25
110.25
141.5
55.0
54.75
35.5
49.5
79.75
118.25
178.75
51.5
78.5
4.0
-34.75
-33.0
-33.0
-27.5
-25.75
-25.5
42.25
301.75
318.75
203.5
239.5
187.0
170.5
183.75
167.0
210.0
410.25
188.75
174.5
126.75
98.5
93.5
219.75
213.75
341.75
271.25
813.5
1261.25
686.75
747.75
1396.0
816.5
824.25
197.75
535.25
721.0
818.75
374.5
313.25
322.75
373.0
330.75
388.5
453.75
337.0
330.75
518.5
880.5
1138.0
545.25
222.75
336.5
402.25
519.25
992.25
1412.75
930.75
1706.0
2022.75
1516.25
1392.0
1363.0
534.75
40.75
-7.5
21.25
7.5
-23.25
-19.0
21.0
16.25
33.5
0.5
-25.75
-25.75
-25.5
-25.5
-25.75
-25.5
-25.0
-25.75
-25.25
-25.25
-29.0
10.0
189.5
37.25
-29.25
-28.5
-28.0
-21.75
-12.5
59.25
443.5
202.0
67.75
-36.5
-28.75
-25.75
-26.0
-26.5
-26.75
-27.0
-27.0
-27.0
-26.75
-27.0
-27.0
-27.25
24.0
-19.75
70.0
5.25
-27.0
-30.25
-27.75
-28.25
52.25
410.25
331.5
174.75
7.0
-28.0
27.25
641.75
745.25
1271.25
1517.75
1271.25
1042.25
1133.0
1753.75
1651.75
1592.25
1039.75
1053.5
1066.5
1037.5
1500.5
1020.5
1154.75
1165.25
1316.25
732.25
1046.25
629.0
181.0
102.5
-28.0
-27.5
-27.0
-27.25
-27.75
-27.25
-27.75
-27.5
-28.0
22.25
1.75
26.25
14.75
-34.0
-33.25
-32.25
-33.0
-31.0
-28.0
184.5
265.25
142.75
-32.75
-30.5
-26.0
-26.0
-26.5
-26.5
-26.25
320.25
386.5
217.25
178.5
127.5
-34.75
-35.5
-35.5
-35.0
9.5
-19.0
61.25
51.5
138.25
73.0
684.5
1013.5
1164.25
863.0
1498.75
1908.0
1801.75
1846.25
1078.5
262.0
1094.5
1038.0
865.75
925.5
562.5
398.5
227.5
411.0
457.25
644.75
603.5
509.25
329.25
363.5
470.25
804.0
1194.0
1136.5
997.0
677.25
543.75
704.75
698.75
523.75
445.0
638.25
578.0
504.25
162.0
83.75
194.25
160.0
95.0
64.0
57.75
32.75
56.5
130.0
105.0
-33.25
-30.25
-28.5
443.5
378.75
1143.0
1855.25
1855.0
1842.5
1767.75
1839.25
1766.5
1706.25
736.5
363.5
106.5
23.5
-22.5
66.5
49.0
-0.5
97.5
53.0
87.75
487.25
726.5
663.5
412.75
768.5
1124.75
1003.5
964.25
699.0
710.5
523.5
581.25
526.5
205.0
114.0
36.25
33.0
283.0
267.25
365.25
329.75
389.75
360.5
258.5
632.0
236.75
1272.75
846.75
567.0
19.75
-33.0
-33.0
-29.75
-26.75
83.0
33.0
1.5
44.25
-6.5
-29.25
-18.25
145.0
164.75
10.25
125.75
572.75
634.0
999.75
853.5
801.0
1097.75
1526.25
1284.25
1476.5
592.25
326.5
-34.0
76.25
372.25
383.0
572.5
838.25
557.25
331.25
412.75
799.25
1558.5
871.5
767.0
1587.0
1724.75
1682.25
1646.5
1744.25
1812.0
1578.75
2103.25
2023.25
1837.0
868.25
544.5
744.75
173.25
72.75
64.5
-30.0
2.75
2.25
1.75
1.75
93.5
129.25
61.5
134.75
138.0
63.75
488.5
1011.5
1142.5
1195.75
904.5
695.25
769.75
1898.0
1559.0
1179.25
881.5
463.5
23.0
78.75
146.0
26.25
48.5
111.0
75.0
144.0
111.0
111.75
137.75
469.0
1158.75
881.5
914.0
1169.5
1419.75
1081.0
1039.5
992.5
837.0
750.5
790.0
538.25
332.75
187.0
168.25
81.75
19.25
45.5
19.5
19.5
31.25
76.5
33.25
256.75
141.0
4.25
499.75
978.25
1993.5
1664.0
2252.5
2257.25
2174.0
2271.0
2275.75
2269.5
1990.5
1324.5
964.5
429.5
513.75
318.75
274.75
384.75
402.25
555.75
1033.5
1628.75
1729.5
1746.25
1728.5
1743.75
1680.0
1870.5
1835.5
1933.5
1926.5
1951.75
1983.0
1947.25
1854.25
1277.0
803.5
319.0
230.75
195.5
163.75
239.0
316.0
474.25
449.5
481.5
541.0
713.5
497.0
253.5
161.25
-34.0
-26.75
-27.0
-27.75
973.75
1000.5
723.5
1581.0
1520.25
1714.75
1502.25
1527.5
1374.0
1149.5
576.75
313.25
373.75
436.5
487.75
666.5
643.25
253.0
400.75
679.75
660.5
679.25
572.5
61.5
-28.75
-20.0
-25.75
-24.75
-30.75
-30.25
-14.0
53.0
-3.5
22.0
-8.25
12.5
107.25
445.5
645.25
1187.0
1614.75
1299.0
1425.25
819.25
694.25
1025.75
1314.75
1518.25
1587.75
1682.5
1702.25
1605.0
1569.0
1459.25
1187.25
821.0
734.0
1578.0
1242.25
1613.25
1564.0
1092.5
1406.25
1698.75
929.75
735.5
927.0
1022.5
1322.25
1511.75
1648.0
1650.75
1712.0
1596.5
746.5
268.0
133.25
64.25
245.5
110.25
343.5
530.0
358.75
487.5
491.75
742.25
1376.0
1031.0
892.0
1133.25
918.5
1662.0
1555.5
1402.0
1272.25
1230.5
1306.25
1226.0
1637.5
1448.0
1291.5
861.25
904.25
1253.75
1266.0
1103.5
650.25
113.75
46.25
835.0
1692.0
1563.0
1644.5
1633.75
1648.75
1226.5
1356.75
969.25
1019.75
1461.25
1457.5
1657.0
1732.0
1501.75
1189.75
1634.0
1579.5
1524.25
1579.0
1584.0
1399.25
1411.75
1113.5
942.0
744.0
1114.25
1299.0
1250.0
952.0
1310.25
1665.0
1788.25
1593.75
1604.0
936.75
1167.0
1161.75
1152.0
520.25
802.0
1392.75
856.0
1002.75
835.5
1064.0
580.0
865.0
1585.5
1417.0
1408.75
1436.0
1481.0
1525.0
1516.25
1389.0
1474.0
1633.5
1532.25
1648.75
1654.0
1632.5
1680.5
1714.25
1681.75
1530.25
1641.75
1581.25
1565.5
1535.75
1589.25
1567.5
1605.75
1645.5
1599.0
1721.0
1702.0
1689.5
1691.0
1521.25
925.5
1355.25
1687.5
1802.75
1760.5
1676.75
1656.25
1500.0
782.75
760.25
1066.5
990.0
783.5
675.5
683.5
1026.75
924.75
732.0
1227.75
1396.0
524.5
724.75
1492.0
1436.75
1467.75
1509.0
1470.0
1481.5
1497.5
1531.25
1495.5
1494.5
1419.5
1527.0
1329.5
1551.25
1530.25
1745.0
1553.75
1076.5
651.0
363.5
1053.5
558.0
570.5
1307.5
1801.25
1780.75
1846.5
2049.25
2029.0
2035.75
1969.5
2040.0
1988.25
1846.75
1895.75
1696.0
725.25
838.25
1211.25
1173.5
679.75
370.0
658.75
791.75
928.0
877.5
239.0
-38.25
20.75
252.75
224.25
422.25
158.0
100.0
111.25
168.75
445.75
856.0
798.25
1536.5
1456.25
1064.0
1209.75
1094.0
868.0
1307.0
1896.75
1784.5
1682.25
1760.75
1753.75
1788.5
1753.0
1728.5
1799.75
1806.5
1752.25
1777.0
1752.5
1744.75
1674.75
1825.0
1886.75
1755.25
1638.75
1466.0
1137.0
1159.0
856.5
641.0
718.25
299.25
570.5
168.5
45.5
175.5
182.75
118.5
339.75
488.5
347.75
444.0
330.0
887.25
1182.25
565.25
307.25
293.75
421.75
632.25
560.5
848.25
1577.25
1753.75
2081.25
2156.25
2154.25
2028.75
2086.25
2067.75
2069.5
2118.75
2068.75
2019.75
1403.75
574.75
577.5
331.5
339.75
56.5
39.75
-27.0
-27.25
-37.5
-34.75
-30.0
-30.75
-28.25
-26.25
139.5
83.5
85.75
248.75
500.75
559.75
885.0
1740.25
903.5
1583.25
874.0
1104.0
618.25
""
""
67.5
1695.0
1971.5
1770.0
1271.0
904.0
943.5
973.0
1099.75
1258.25
1644.5
1785.5
1661.5
1578.75
1557.25
1371.5
1392.75
1536.0
1087.5
1410.25
1563.5
742.75
578.5
451.25
152.0
131.5
291.25
657.25
780.75
1639.5
1847.25
1812.5
1833.25
1871.75
1870.25
1781.75
1906.25
1800.0
1869.5
1916.75
1926.25
1947.25
1949.75
1701.0
1943.5
1963.0
1886.0
1894.0
1875.5
1798.5
1856.5
1804.25
1695.5
1882.25
1870.75
1792.0
1822.75
1830.25
1807.0
1914.25
1851.5
1942.75
1895.25
1942.75
1874.75
1959.75
1887.25
2028.5
1998.75
1902.75
1954.5
1552.75
408.25
195.5
400.75
69.25
4.0
570.0
324.75
671.0
795.5
1324.75
2100.25
2646.75
2406.25
1938.75
2159.5
2224.5
1963.25
2492.25
2599.0
1999.25
1720.75
2531.75
164.25
-12.0
-11.25
-4.0
-5.25
-4.25
-4.0
-4.0
-4.5
-4.5
-6.0
336.0
1269.0
2208.75
1504.75
884.5
1527.5
2241.75
2049.0
1516.25
1276.75
1104.5
458.5
365.0
767.5
299.5
217.75
277.0
352.25
148.0
114.75
212.25
572.0
1191.0
2508.0
2346.5
2170.75
1972.75
1699.5
1627.25
1272.5
669.75
374.25
467.0
503.75
519.5
583.75
558.25
208.5
0.25
-36.75
-36.5
-37.75
-29.0
-35.5
9.0
92.5
123.0
515.5
380.75
-33.0
399.25
437.5
574.75
84.0
-33.0
-31.5
-27.75
-27.25
-27.0
-27.0
186.5
410.0
348.0
346.25
641.5
825.0
310.0
431.75
221.75
431.5
308.75
74.5
259.75
1893.75
2313.25
1931.0
2514.75
2250.25
2570.0
2807.25
2869.0
2549.25
2797.5
2679.0
2148.5
2518.25
1468.25
1739.75
1633.5
1395.75
674.25
360.5
589.75
368.0
793.0
1225.25
1499.5
1406.0
1460.75
1675.5
1851.0
2678.25
2847.75
2540.75
2176.75
1801.25
2553.0
1965.25
2076.5
1430.5
577.25
315.0
102.5
44.5
58.5
53.0
75.75
177.25
487.75
595.75
824.0
1319.75
1286.5
1418.5
733.0
1139.25
1181.25
1110.75
1090.75
1234.75
654.5
496.25
710.0
587.75
902.5
403.75
588.5
483.5
487.75
402.5
707.0
2166.25
2470.75
1825.75
2045.0
938.5
317.75
542.25
187.5
407.0
421.75
834.75
1466.0
1347.25
1135.25
677.0
362.25
53.75
567.75
261.25
558.0
713.75
822.5
424.75
494.25
965.25
1163.25
2500.75
2856.5
2939.5
2974.0
2975.75
2311.5
2179.5
1898.0
1963.5
1734.75
1741.25
2448.0
2942.25
2737.75
1336.75
1049.25
1182.25
1036.0
610.25
468.0
380.5
1069.75
1913.25
2261.75
2731.5
2885.75
2796.25
2552.5
2127.75
1357.25
1250.25
1130.75
605.25
-8.75
-33.5
-33.75
179.75
354.5
463.0
265.0
765.25
1590.0
1025.0
491.75
201.75
267.75
183.0
143.75
237.75
757.25
1003.0
1158.75
1155.5
1109.0
1040.5
1469.25
1601.25
1498.25
1064.25
1054.0
1119.5
952.75
541.75
252.0
88.5
119.5
72.75
21.25
77.25
129.33333333333334
46.25
76.5
-30.75
388.5
794.5
1157.5
975.5
739.5
356.75
222.75
492.0
753.75
1121.25
1325.5
1568.5
1951.0
1816.75
2188.25
1519.75
1618.5
1229.75
649.5
483.0
318.75
575.5
1265.75
2065.25
2432.75
2397.75
2639.5
2734.75
2975.0
2982.5
2999.0
2981.5
2673.25
2433.0
2234.75
1220.5
390.5
65.25
-38.0
-37.25
37.75
111.75
64.75
58.75
239.5
200.0
527.25
667.25
691.75
27.0
143.5
-27.5
350.25
974.75
951.25
1769.75
1434.5
1276.5
867.5
665.0
206.0
711.0
793.5
337.0
238.75
135.5
133.25
100.25
3.75
-31.5
-26.75
-27.25
-27.25
-27.25
-28.25
0.5
558.25
868.75
685.25
470.25
367.25
392.75
313.75
349.5
309.0
177.25
242.0
300.5
58.5
29.75
98.0
317.0
165.5
364.25
707.25
1617.5
2343.75
2615.75
2927.0
2482.25
2747.25
2754.5
2714.75
2365.0
2369.25
2371.75
2430.5
2467.25
2706.5
2667.0
2655.25
2785.75
2811.5
2808.25
2558.25
2741.75
2979.75
2909.75
2827.0
2824.25
2768.5
2915.25
2994.5
2821.5
2716.75
2605.0
2680.25
2484.25
2472.25
2782.0
2726.0
2861.75
2769.0
1889.3333333333333
273.25
23.0
45.75
-25.75
-36.0
28.75
-12.0
-19.5
126.75
202.5
403.25
1289.5
971.5
816.25
1004.5
1121.25
1407.0
1072.75
1209.0
1171.25
976.0
855.0
1281.0
1686.75
1443.75
869.25
856.25
813.0
279.5
233.25
404.25
360.0
248.25
443.0
899.5
1218.0
1470.0
1206.0
1778.25
2203.0
2075.0
1894.0
2502.0
2580.0
2660.0
2612.0
2929.5
939.5
1326.75
472.75
548.5
337.0
439.0
399.5
381.0
331.75
1093.0
1557.0
1704.25
1432.5
1203.75
1749.0
2028.75
1516.25
1364.0
1229.5
1308.75
1538.25
1052.25
1032.0
1638.0
883.25
1525.5
604.25
309.25
369.75
213.25
172.5
247.75
537.5
1462.25
1462.0
1687.0
2046.75
1925.5
2288.75
2668.75
2502.25
2330.25
1955.5
1899.0
854.5
18.0
-25.0
-25.0
-25.0
-26.25
-24.75
-24.5
-24.5
-25.0
285.0
971.75
943.0
1233.0
1292.25
1882.5
1580.5
2227.25
2400.25
2100.75
2754.75
2411.75
1906.75
1934.0
1936.25
1812.0
2478.25
2385.5
2032.25
2178.25
1954.5
1465.75
1367.75
1126.0
807.75
774.5
1292.5
1661.75
1765.5
1466.75
1402.0
1633.5
2606.75
1603.75
1833.75
1735.75
932.5
903.0
871.0
256.5
76.75
-16.25
21.0
-0.75
-25.0
21.0
135.0
191.75
194.5
139.5
654.25
1859.75
1452.0
598.25
795.75
755.75
2159.5
1642.5
2337.5
2701.0
2837.0
2682.5
2222.75
1666.75
1632.0
1592.5
1193.5
1153.75
1166.5
1777.0
809.5
393.25
727.5
1427.0
808.75
1533.0
1039.5
1700.25
2418.25
2513.0
2247.0
2200.25
2160.5
2419.0
2306.5
1389.5
812.0
851.75
436.5
170.0
316.5
524.75
731.75
216.5
-34.75
-36.0
-15.0
188.5
125.0
236.0
286.75
669.25
861.25
542.75
351.0
515.75
385.75
439.25
561.5
264.75
511.75
815.5
470.5
350.5
290.5
180.5
446.75
313.5
232.0
389.0
389.0
389.0
389.0
389.0
389.0
389.0
389.0
389.0
389.0
389.0
389.0
389.0
389.0
389.0
389.0
389.0
466.5
538.25
879.75
738.0
817.5
605.75
467.25
1036.25
1424.25
1265.25
868.0
737.5
689.5
519.75
15.75
-27.0
121.5
198.25
259.5
1150.5
1611.0
2072.25
2145.25
2646.75
2939.25
1996.0
1294.0
1362.25
709.25
1107.5
853.75
494.5
-18.0
-27.0
-35.75
-31.75
19.75
131.5
338.75
408.0
531.75
1014.0
1340.25
1562.25
1562.0
1959.25
1183.5
1332.25
1409.0
995.0
1127.75
673.5
532.25
332.0
386.25
598.0
358.5
277.25
145.5
157.75
517.75
1167.75
944.0
649.0
474.0
535.5
949.0
1663.0
1427.0
1463.0
857.0
559.25
599.5
199.0
117.25
-27.75
-32.0
30.0
-24.5
-32.75
44.5
17.0
-15.0
112.75
14.0
134.75
159.25
297.25
422.5
444.75
532.75
359.0
169.75
159.75
273.25
327.5
216.75
387.0
363.25
485.5
200.25
130.25
272.25
200.75
184.5
255.0
133.5
255.25
139.25
583.25
652.75
1215.25
1359.25
1290.25
1168.75
773.25
723.25
614.0
292.0
289.0
375.75
243.75
120.5
88.75
254.25
344.25
169.5
230.75
238.25
272.25
310.25
591.0
755.25
570.0
1193.0
1151.5
1138.75
545.25
476.75
506.75
294.25
520.75
345.5
136.5
126.75
29.25
-21.0
-27.25
7.5
-14.0
45.0
124.0
383.5
776.5
814.75
675.0
225.5
224.25
350.25
346.5
231.75
288.0
699.75
1283.5
1613.75
1833.0
2117.75
1818.75
2137.0
2422.75
2549.75
2654.0
1826.0
815.75
1867.25
2362.75
2916.0
2978.0
2913.25
2988.25
2986.0
2995.5
2995.75
3002.75
2993.0
2990.75
2980.0
2993.25
2993.25
3002.25
2982.5
2987.5
2977.5
2971.25
2969.0
1044.75
-25.0
33.75
120.0
69.5
73.75
428.25
712.25
1169.5
1142.25
726.5
2307.5
64.5
251.0
600.5
627.25
394.75
202.0
83.75
163.5
152.75
47.5
-29.0
-23.0
-30.75
-28.75
-30.0
15.75
-19.5
-34.75
-35.75
208.0
199.0
-29.25
-23.25
50.0
313.75
567.0
2034.75
2432.75
2531.5
1424.0
2220.25
2903.0
2927.0
2360.5
1079.5
245.0
313.25
1082.75
2157.25
1806.75
2727.75
2063.25
281.75
34.5
32.25
186.75
226.75
369.75
476.0
468.75
812.0
227.25
306.25
65.25
62.75
319.75
453.0
866.75
628.5
853.25
1474.25
1308.5
1667.25
1203.5
1112.0
2031.0
2485.75
2121.5
2409.0
2364.5
1965.0
2058.25
1418.75
1292.0
1752.0
1583.75
871.0
378.25
450.25
26.25
-24.75
-28.25
-29.0
-32.5
-35.5
-35.0
-32.25
-28.5
-29.5
-25.25
-28.0
-17.5
55.5
-27.75
-24.0
15.25
-2.0
9.5
25.25
142.5
170.5
192.25
152.0
119.75
171.5
227.5
163.5
-25.75
-29.0
-31.5
-31.0
81.0
85.5
21.5
132.25
288.0
288.5
96.25
5.5
30.25
72.0
249.5
166.25
79.5
19.5
19.25
0.25
-27.25
-27.0
-28.75
-29.25
-31.25
-34.0
-28.25
-29.25
-29.5
-28.75
-29.0
52.0
104.5
78.25
141.25
100.25
102.5
35.25
237.0
351.0
570.5
280.5
239.25
467.25
172.0
198.0
212.25
215.25
39.0
153.75
234.0
357.5
695.75
1499.75
1451.75
1755.5
2318.75
2689.25
2982.25
2985.5
2987.5
2994.0
2996.0
2994.25
2976.75
2990.25
2983.0
2991.75
2981.75
2981.0
3000.0
2986.75
2954.5
2970.25
2912.0
2917.5
2992.5
2992.0
2996.75
2984.25
3003.25
2998.0
2994.25
2989.25
2998.5
2992.75
2990.5
2995.75
2993.0
2987.75
2990.25
2998.5
2992.0
2995.0
2991.5
2968.25
2995.0
2689.0
2420.25
2097.75
1832.25
1325.0
1311.75
1131.5
1040.0
1171.5
945.0
690.25
542.75
884.75
338.5
192.25
-28.75
-19.25
120.75
106.5
-28.75
10.75
44.75
-22.5
-28.25
-34.75
-30.5
-28.0
-28.0
-28.0
-29.25
-30.25
-12.75
-26.0
9.75
-7.0
-30.5
34.0
-28.5
-29.75
-28.5
20.25
141.25
82.75
56.5
-16.75
41.0
25.75
14.25
10.0
89.75
142.0
168.5
316.0
441.75
397.75
326.75
480.25
391.75
489.75
1103.75
1650.0
2394.5
2851.75
2985.25
2994.25
2847.75
2545.25
2985.5
854.0
550.75
1421.5
1366.5
1003.25
674.0
1143.75
1668.75
1533.5
1971.25
2653.5
2636.5
2420.75
2948.25
2688.25
2496.0
2917.5
2794.75
2978.5
2967.5
2699.25
2755.0
1973.0
2101.0
2017.75
2017.75
1796.25
2025.25
2193.25
2099.5
2675.75
2410.75
2136.0
2840.5
2977.5
2709.75
2864.5
2936.0
2976.25
2968.25
2852.75
2554.5
2631.75
2805.0
2967.5
2960.0
2789.25
2952.25
2720.5
2974.25
2788.0
1721.0
1670.25
2599.25
1661.5
575.5
892.0
824.25
1411.0
1567.25
1603.0
1567.75
733.5
665.0
667.0
903.25
940.75
628.25
402.75
284.75
294.25
222.75
191.25
123.0
50.0
-20.5
-22.5
-28.0
-29.25
-28.5
-33.5
-31.75
-29.0
82.5
299.25
486.0
811.5
1032.75
1763.5
2858.0
2408.5
2418.0
2148.75
2446.0
2818.75
2951.0
2975.0
2650.5
2208.75
2706.5
1913.75
1080.75
1016.75
758.25
999.25
1611.25
1187.75
833.25
870.25
190.75
334.5
329.75
35.25
-31.75
-29.5
-22.0
325.5
328.5
238.25
170.5
172.0
190.75
208.5
220.75
650.25
189.25
810.5
509.75
204.25
523.75
1219.75
1059.5
1656.25
1122.75
240.0
329.25
253.25
262.0
257.5
278.75
237.25
142.25
51.75
-3.5
-30.75
31.5
-18.0
-26.75
-27.25
-30.75
-31.25
-29.0
-27.25
-28.25
-17.75
-8.25
-25.5
46.5
94.75
245.75
272.0
526.25
1111.75
1402.25
1412.25
1057.75
1531.0
2415.5
2593.25
2812.75
2924.0
1634.75
1252.0
580.0
288.75
278.75
902.0
1322.75
2412.0
2872.25
2460.75
1845.75
865.75
707.25
836.75
1173.75
1316.0
1512.0
843.5
302.25
177.0
329.0
432.75
414.5
155.5
35.0
-9.75
-28.25
-26.75
-29.0
-28.25
49.0
-28.75
-13.0
80.75
120.75
134.0
102.0
98.25
78.25
-20.5
-27.75
-29.5
-29.5
-20.25
23.5
53.75
-25.0
61.75
926.75
1013.75
761.75
732.0
784.5
925.25
1773.5
2823.5
2986.5
2923.5
2975.5
2993.5
2947.5
2988.0
2991.75
2988.5
2969.0
2985.0
2975.5
2979.0
2882.25
2684.5
2989.0
2966.25
2835.25
2928.75
2840.75
2937.0
2726.25
2779.75
2465.0
2547.75
2900.75
2978.5
2823.25
2847.0
2587.25
2886.0
2838.75
2795.25
1710.25
2111.0
2474.75
2382.0
1757.25
1601.25
1580.25
2359.75
1482.5
1827.25
2282.75
1842.75
2837.5
2281.5
2227.75
2331.75
2386.0
2666.25
2815.75
2702.75
2688.75
2940.25
2492.75
2723.25
2882.75
2328.75
2352.25
2901.25
2699.25
1775.75
1683.5
1672.75
2349.0
2448.5
1299.0
2007.75
2173.5
2435.25
2356.5
1822.25
2325.0
1794.25
1468.75
1309.0
1463.25
2020.75
2911.5
2773.75
2790.5
2588.75
2081.25
1566.25
1089.75
603.75
1316.5
531.0
141.0
218.0
241.75
268.25
366.5
252.0
138.5
260.5
426.25
548.25
783.5
920.75
964.0
1524.75
2743.25
2988.75
2996.5
2992.25
3002.25
2989.25
2981.75
2991.5
2844.5
2759.25
2183.0
1564.75
1131.25
1170.0
1700.0
1101.75
642.5
689.0
854.0
1886.25
1754.25
1629.5
1187.75
1567.5
1609.5
2524.0
2360.5
1675.25
1404.25
934.25
364.75
409.75
402.5
480.25
412.0
573.0
548.75
155.25
-25.25
-25.0
-26.25
-24.75
-25.0
-25.0
-25.0
-25.0
-25.0
-25.25
-26.0
-26.25
-26.25
-27.5
-26.75
-28.5
-27.75
-16.0
455.75
1568.75
2378.0
2909.5
2899.25
2831.5
2922.5
2600.25
2931.0
2785.25
2513.75
2919.0
2929.5
2970.0
2939.5
2962.25
2903.0
2310.25
2073.0
2406.75
2653.25
2434.25
2848.0
2975.0
2840.25
2946.75
2963.0
2973.25
2953.0
2946.75
2976.0
2956.75
2981.5
2978.25
2987.5
2957.75
2983.5
2984.5
2923.0
2076.5
1492.5
835.25
697.5
1964.75
2950.0
243.0
-3.0
-3.0
-3.0
-3.0
-3.0
-3.0
-3.0
-3.0
-3.0
-3.0
-3.0
-3.0
-3.0
-3.0
-3.0
-3.0
-3.0
-3.0
-3.0
-3.0
-3.0
-3.25
-4.0
-4.0
-3.75
-4.0
-3.25
-3.0
-3.0
-3.0
-3.0
-3.0
-3.0
-3.0
-3.0
-3.0
-3.0
-3.0
-3.0
-3.0
-3.0
-3.0
-3.0
-3.0
-3.0
-3.0
-3.0
-3.0
-3.0
-3.0
-3.0
-3.25
-4.0
""
""
""
""
""
-8.5
-9.75
-9.25
-8.75
-8.5
-8.25
-8.0
-8.75
-8.0
-8.25
-9.0
-9.75
-10.5
-10.0
-10.0
279.25
124.25
260.5
405.5
908.0
981.5
532.25
154.0
-22.25
-27.5
64.0
315.25
683.0
1370.0
2152.0
2501.75
2991.25
2996.5
2990.0
2998.5
2996.75
2997.0
2997.25
2996.25
2996.5
2993.5
2992.75
2982.0
2973.5
2290.25
1256.75
1169.25
1648.75
2520.0
2251.5
2017.75
1897.75
1578.5
1805.25
2853.75
2989.5
2982.0
2998.25
2952.25
2516.75
2235.5
2035.5
2812.0
2987.75
2990.25
2991.5
2983.0
2996.5
2863.25
2587.5
1938.0
1040.75
840.25
279.0
880.75
1667.75
1429.0
2601.75
2753.25
2351.25
1889.0
1462.75
876.75
727.75
188.5
24.75
142.0
131.5
175.0
37.5
44.0
74.5
234.25
225.0
696.25
781.0
476.25
658.5
928.75
500.0
95.25
259.25
516.5
973.0
148.5
-3.0
-3.0
-3.0
-3.0
-3.0
-3.0
-3.0
-3.0
-3.0
-3.0
-3.0
-3.0
-1.5
-3.0
-3.0
-3.0
-3.0
-3.0
-3.5
-3.75
-3.25
-3.0
-3.25
-4.0
-3.75
-3.25
-3.0
-3.5
-3.5
-3.25
-4.0
-3.5
-3.75
-3.75
-3.75
-3.0
-3.25
-3.25
-3.5
-3.75
-3.5
-3.5
-4.0
-4.0
-3.25
-4.0
-3.75
-4.0
-4.0
-4.0
-4.0
-4.0
-4.0
-4.25
-5.0
""
-4.0
-23.25
983.75
1118.75
2011.5
2335.0
2953.75
2979.75
2972.25
2975.25
2983.75
2979.0
2989.25
2998.5
2987.0
2987.75
2971.0
2981.0
2850.75
2268.0
2778.75
2734.0
2612.0
2459.0
2920.25
1904.5
2488.75
2531.75
2244.0
2682.0
2581.5
2573.75
2459.75
2961.75
2065.75
788.25
658.25
942.75
937.75
730.25
553.5
485.75
345.0
129.5
63.5
33.5
-21.0
-18.5
-27.25
-28.25
-30.0
-32.0
-31.0
-33.75
-26.75
-14.0
-7.5
158.75
192.0
477.75
961.25
742.75
545.25
536.5
220.75
217.0
11.5
63.5
-27.25
-25.75
56.75
14.75
80.25
227.5
207.75
267.25
278.5
102.0
178.75
239.0
570.75
903.75
775.25
994.25
881.75
312.75
58.25
2.25
-3.25
-25.0
35.5
258.0
372.5
656.75
753.0
371.75
193.75
213.0
93.75
16.5
46.0
34.25
-6.25
104.75
3.0
1.25
49.0
-17.75
116.75
290.0
333.25
289.75
667.5
1329.5
756.0
147.25
19.75
94.5
143.5
227.25
288.5
6.75
-28.0
-26.75
-22.25
-26.25
-27.5
-23.0
41.5
96.75
199.25
635.25
491.5
301.25
132.25
152.5
172.75
214.75
186.0
125.75
378.75
725.0
669.25
1009.0
1065.75
791.25
718.25
759.75
916.0
770.5
647.75
931.5
1313.75
1239.0
941.5
700.0
698.25
883.75
1135.25
1200.25
1287.5
2261.5
2891.5
2890.0
2990.0
2992.25
2569.0
1214.75
1741.75
1852.25
1162.25
765.0
829.25
588.5
440.25
398.0
313.0
351.0
57.75
-27.0
-28.5
-33.75
192.375
389.0
389.0
313.3333333333333
